WARNING:tensorflow:From /home/neo/anaconda3/envs/tf2py3/lib/python3.6/site-packages/tensorflow_core/python/compat/v2_compat.py:65: disable_resource_variables (from tensorflow.python.ops.variable_scope) is deprecated and will be removed in a future version.
Instructions for updating:
non-resource variables are not supported in the long term
2021-04-30 18:57:08.158234: I tensorflow/core/platform/cpu_feature_guard.cc:145] This TensorFlow binary is optimized with Intel(R) MKL-DNN to use the following CPU instructions in performance critical operations:  SSE4.1 SSE4.2 AVX AVX2 AVX512F FMA
To enable them in non-MKL-DNN operations, rebuild TensorFlow with the appropriate compiler flags.
2021-04-30 18:57:08.190626: I tensorflow/core/platform/profile_utils/cpu_utils.cc:94] CPU Frequency: 1190400000 Hz
2021-04-30 18:57:08.191184: I tensorflow/compiler/xla/service/service.cc:168] XLA service 0x5557d099ab00 executing computations on platform Host. Devices:
2021-04-30 18:57:08.191242: I tensorflow/compiler/xla/service/service.cc:175]   StreamExecutor device (0): Host, Default Version
2021-04-30 18:57:08.192918: I tensorflow/core/common_runtime/process_util.cc:115] Creating new thread pool with default inter op setting: 2. Tune using inter_op_parallelism_threads for best performance.
const= 8.733472290794522
(10000,)
cumulative freq 1.0000000000021538
1.0000000000000036 1.0000000000021536
correlation matrix by sampling:
[[ 1.00000000e+00 -2.85398046e-01  1.80596195e-01  1.33000338e-01
  -9.97934423e-02 -2.57943410e-02 -1.19712431e-03 -7.19761958e-03
   2.81067085e-03 -7.41779324e-03]
 [-2.85398046e-01  1.00000000e+00 -6.14784253e-01 -4.08008031e-01
   2.65564407e-01  5.51726177e-02  1.73864225e-02 -4.21167926e-03
   5.48990491e-04  2.48265207e-03]
 [ 1.80596195e-01 -6.14784253e-01  1.00000000e+00  6.78820080e-01
  -4.52365474e-01 -9.83669229e-02 -2.13828871e-02 -5.78536998e-03
  -4.93520622e-03  2.94957814e-04]
 [ 1.33000338e-01 -4.08008031e-01  6.78820080e-01  1.00000000e+00
  -6.60426156e-01 -1.49602873e-01 -4.10005989e-02 -1.70004343e-02
  -2.20184530e-03  8.02920971e-04]
 [-9.97934423e-02  2.65564407e-01 -4.52365474e-01 -6.60426156e-01
   1.00000000e+00  2.38768814e-01  5.61815994e-02  2.09836180e-02
   4.12463223e-03  2.12241247e-03]
 [-2.57943410e-02  5.51726177e-02 -9.83669229e-02 -1.49602873e-01
   2.38768814e-01  1.00000000e+00  1.62990507e-01  2.53903682e-02
   1.01565202e-02  9.27205074e-03]
 [-1.19712431e-03  1.73864225e-02 -2.13828871e-02 -4.10005989e-02
   5.61815994e-02  1.62990507e-01  1.00000000e+00  1.93996147e-01
   4.67808261e-02 -2.41684264e-02]
 [-7.19761958e-03 -4.21167926e-03 -5.78536998e-03 -1.70004343e-02
   2.09836180e-02  2.53903682e-02  1.93996147e-01  1.00000000e+00
   2.53192710e-01 -1.32185192e-01]
 [ 2.81067085e-03  5.48990491e-04 -4.93520622e-03 -2.20184530e-03
   4.12463223e-03  1.01565202e-02  4.67808261e-02  2.53192710e-01
   1.00000000e+00 -5.36949967e-01]
 [-7.41779324e-03  2.48265207e-03  2.94957814e-04  8.02920971e-04
   2.12241247e-03  9.27205074e-03 -2.41684264e-02 -1.32185192e-01
  -5.36949967e-01  1.00000000e+00]]
correlation matrix ground truth:
[[ 1.00000000e+00 -2.68028358e-01  1.64380400e-01  1.11225110e-01
  -7.44262235e-02 -1.72025204e-02 -2.88415813e-03 -5.85831829e-04
  -1.42445972e-04  7.61358045e-05]
 [-2.68028358e-01  1.00000000e+00 -6.13294808e-01 -4.14975158e-01
   2.77680407e-01  6.41817177e-02  1.07606454e-02  2.18570838e-03
   5.31458585e-04 -2.84058766e-04]
 [ 1.64380400e-01 -6.13294808e-01  1.00000000e+00  6.76632433e-01
  -4.52768233e-01 -1.04650678e-01 -1.75456327e-02 -3.56387883e-03
  -8.66562993e-04  4.63168385e-04]
 [ 1.11225110e-01 -4.14975158e-01  6.76632433e-01  1.00000000e+00
  -6.69149469e-01 -1.54664000e-01 -2.59308183e-02 -5.26708248e-03
  -1.28069976e-03  6.84519928e-04]
 [-7.44262235e-02  2.77680407e-01 -4.52768233e-01 -6.69149469e-01
   1.00000000e+00  2.31135205e-01  3.87519075e-02  7.87130936e-03
   1.91392180e-03 -1.02297014e-03]
 [-1.72025204e-02  6.41817177e-02 -1.04650678e-01 -1.54664000e-01
   2.31135205e-01  1.00000000e+00  1.67659044e-01  3.40549998e-02
   8.28052915e-03 -4.42585172e-03]
 [-2.88415813e-03  1.07606454e-02 -1.75456327e-02 -2.59308183e-02
   3.87519075e-02  1.67659044e-01  1.00000000e+00  2.03120565e-01
   4.93890992e-02 -2.63979301e-02]
 [-5.85831829e-04  2.18570838e-03 -3.56387883e-03 -5.26708248e-03
   7.87130936e-03  3.40549998e-02  2.03120565e-01  1.00000000e+00
   2.43151643e-01 -1.29961878e-01]
 [-1.42445972e-04  5.31458585e-04 -8.66562993e-04 -1.28069976e-03
   1.91392180e-03  8.28052915e-03  4.93890992e-02  2.43151643e-01
   1.00000000e+00 -5.34488997e-01]
 [ 7.61358045e-05 -2.84058766e-04  4.63168385e-04  6.84519928e-04
  -1.02297014e-03 -4.42585172e-03 -2.63979301e-02 -1.29961878e-01
  -5.34488997e-01  1.00000000e+00]]
kl divergence between ground truth and empirical truth 0.054249133959407114
js divergence between ground truth and empirical truth 0.014769188696479557
distance between margin_em and margin_th 0.6426090243607013
############################### Tree NN ############################################
<unknown>
0 validation =============================
initial loss: 19.69908191311744
loss after epoch 0 : 0.16377629580036288
loss after epoch 1 : 0.0817869363292571
loss after epoch 2 : 0.06715124460958666
loss after epoch 3 : 0.06333458808160597
loss after epoch 4 : 0.062252038909542944
loss after epoch 5 : 0.06198018981564429
loss after epoch 6 : 0.0619141286419284
loss after epoch 7 : 0.06190397470228134
loss after epoch 8 : 0.06190511680418445
loss after epoch 9 : 0.0619047264898977
loss after epoch 10 : 0.06190379973380796
loss after epoch 11 : 0.061904511144084316
loss after epoch 12 : 0.061903668988135555
loss after epoch 13 : 0.061903963165898475
loss after epoch 14 : 0.061903707442745086
loss after epoch 15 : 0.06190460343514719
loss after epoch 16 : 0.061903607460760304
loss after epoch 17 : 0.061904124675258514
loss after epoch 18 : 0.06190543597744357
loss after epoch 19 : 0.06190404776603945
loss after epoch 20 : 0.06190747214901832
loss after epoch 21 : 0.06190504950861777
loss after epoch 22 : 0.06190487838560535
loss after epoch 23 : 0.061903878565757506
loss after epoch 24 : 0.0619038381884175
loss after epoch 25 : 0.06190432271649761
loss after epoch 26 : 0.0619037228245889
loss after epoch 27 : 0.06190424580727854
loss after epoch 28 : 0.061903961243168
loss after epoch 29 : 0.06190756059462024
loss after epoch 30 : 0.06190321906920402
loss after epoch 31 : 0.06190609931945801
loss after epoch 32 : 0.061904647657948154
loss after epoch 33 : 0.06190862194184334
loss after epoch 34 : 0.06190337481037263
loss after epoch 35 : 0.06191245586641373
loss after epoch 36 : 0.06190317484640306
loss after epoch 37 : 0.06190329597842309
loss after epoch 38 : 0.06190687610257056
loss after epoch 39 : 0.06190602048750846
loss after epoch 40 : 0.061903007568851594
loss after epoch 41 : 0.06190400546596896
loss after epoch 42 : 0.061903620919873635
loss after epoch 43 : 0.06190438808933381
loss after epoch 44 : 0.06191077347724668
loss after epoch 45 : 0.06190399777504706
loss after epoch 46 : 0.061903472869626934
loss after epoch 47 : 0.061908089345501315
loss after epoch 48 : 0.06190339019221644
loss after epoch 49 : 0.06190703568920013
loss after epoch 50 : 0.06190261148637341
loss after epoch 51 : 0.06191784143447876
loss after epoch 52 : 0.061934334616507256
loss after epoch 53 : 0.06190264994098294
loss after epoch 54 : 0.061903988161394675
loss after epoch 55 : 0.06193675917963828
loss after epoch 56 : 0.061921856095713955
loss after epoch 57 : 0.061903069096226844
loss after epoch 58 : 0.06190900456520819
loss after epoch 59 : 0.06190640118814284
loss after epoch 60 : 0.06191072156352381
loss after epoch 61 : 0.06196299099153088
loss after epoch 62 : 0.0619337135745633
loss after epoch 63 : 0.06194735534729496
loss after epoch 64 : 0.061901452079896
loss after epoch 65 : 0.06190126172957882
loss after epoch 66 : 0.061934780689977834
loss after epoch 67 : 0.062006848473702705
loss after epoch 68 : 0.06190362476533459
loss after epoch 69 : 0.06191287502165763
loss after epoch 70 : 0.0619321427037639
loss after epoch 71 : 0.061900456105509115
loss after epoch 72 : 0.06193788589969758
loss after epoch 73 : 0.061899167876089775
loss after epoch 74 : 0.06196687490709366
loss after epoch 75 : 0.061899642790517496
loss after epoch 76 : 0.06196919564277895
loss after epoch 77 : 0.06196114709300379
loss after epoch 78 : 0.06196180658955728
loss after epoch 79 : 0.062038886931634715
loss after epoch 80 : 0.061897081713522636
loss after epoch 81 : 0.06189374577614569
loss after epoch 82 : 0.06196395043403872
loss after epoch 83 : 0.061885814512929606
loss after epoch 84 : 0.06191532842574581
loss after epoch 85 : 0.06189587039332236
loss after epoch 86 : 0.06186398767655896
loss after epoch 87 : 0.06175528995452389
loss after epoch 88 : 0.061512649059295654
loss after epoch 89 : 0.06057988828228366
loss after epoch 90 : 0.05770231831458307
loss after epoch 91 : 0.04997256302064465
loss after epoch 92 : 0.03474839272037629
loss after epoch 93 : 0.02571682007082047
loss after epoch 94 : 0.01928318315936673
loss after epoch 95 : 0.01898546564963556
loss after epoch 96 : 0.016799378779626662
loss after epoch 97 : 0.016625154402948195
loss after epoch 98 : 0.01623116385552191
loss after epoch 99 : 0.016197802559021982
1 validation =============================
initial loss: 21.924378395080566
loss after epoch 0 : 0.18466153260200255
loss after epoch 1 : 0.08301575722232941
loss after epoch 2 : 0.06824971398999614
loss after epoch 3 : 0.06452858448028564
loss after epoch 4 : 0.06350519003406647
loss after epoch 5 : 0.06322264286779589
loss after epoch 6 : 0.06316347660556916
loss after epoch 7 : 0.06315061161595006
loss after epoch 8 : 0.06314634315429195
loss after epoch 9 : 0.06314508376582977
loss after epoch 10 : 0.06314505107941167
loss after epoch 11 : 0.06314572403507848
loss after epoch 12 : 0.06314513952501359
loss after epoch 13 : 0.06314477228349255
loss after epoch 14 : 0.0631452779616079
loss after epoch 15 : 0.06314544716188984
loss after epoch 16 : 0.06314566058497276
loss after epoch 17 : 0.06314682383691111
loss after epoch 18 : 0.06314655657737486
loss after epoch 19 : 0.06314489341551258
loss after epoch 20 : 0.06314491072008686
loss after epoch 21 : 0.06314479920171923
loss after epoch 22 : 0.06314529142072124
loss after epoch 23 : 0.0631449568656183
loss after epoch 24 : 0.06314542793458508
loss after epoch 25 : 0.06314637968617101
loss after epoch 26 : 0.06314882155387633
loss after epoch 27 : 0.06314813513909617
loss after epoch 28 : 0.06314467999242968
loss after epoch 29 : 0.06314554714387463
loss after epoch 30 : 0.06314610473571285
loss after epoch 31 : 0.06314575287603563
loss after epoch 32 : 0.06314823127562
loss after epoch 33 : 0.06314614895851381
loss after epoch 34 : 0.06314628547237765
loss after epoch 35 : 0.06314592399904805
loss after epoch 36 : 0.06315049048393004
loss after epoch 37 : 0.06314465884239442
loss after epoch 38 : 0.06314686421425111
loss after epoch 39 : 0.06314499724295831
loss after epoch 40 : 0.0631462489404986
loss after epoch 41 : 0.06314884270391156
loss after epoch 42 : 0.06314737758328838
loss after epoch 43 : 0.06314620087223669
loss after epoch 44 : 0.0631498194509937
loss after epoch 45 : 0.0631866705033087
loss after epoch 46 : 0.06315826023778608
loss after epoch 47 : 0.06316766431254725
loss after epoch 48 : 0.0631482235846981
loss after epoch 49 : 0.06314437812374483
loss after epoch 50 : 0.06314553560749177
loss after epoch 51 : 0.06315698162201912
loss after epoch 52 : 0.06314405895048572
loss after epoch 53 : 0.06314585670348137
loss after epoch 54 : 0.06315845443356422
loss after epoch 55 : 0.06317704339181224
loss after epoch 56 : 0.06314538371178412
loss after epoch 57 : 0.06318658398043725
loss after epoch 58 : 0.06315552226958736
loss after epoch 59 : 0.0631561029341913
loss after epoch 60 : 0.06316140582484583
loss after epoch 61 : 0.0631444800284601
loss after epoch 62 : 0.0631489792177754
loss after epoch 63 : 0.06315344572067261
loss after epoch 64 : 0.06316741628031577
loss after epoch 65 : 0.06322710937069308
loss after epoch 66 : 0.06316145197037727
loss after epoch 67 : 0.06316541664062007
loss after epoch 68 : 0.06316712017982237
loss after epoch 69 : 0.06314112101831744
loss after epoch 70 : 0.06314323409911125
loss after epoch 71 : 0.0631523363051876
loss after epoch 72 : 0.06314186896047284
loss after epoch 73 : 0.0631544166995633
loss after epoch 74 : 0.0631545397543138
loss after epoch 75 : 0.06314246885238155
loss after epoch 76 : 0.06333774712777906
loss after epoch 77 : 0.06313960013851043
loss after epoch 78 : 0.06320489414276616
loss after epoch 79 : 0.06312611795240833
loss after epoch 80 : 0.0631357027638343
loss after epoch 81 : 0.06309317773388277
loss after epoch 82 : 0.06280274544992755
loss after epoch 83 : 0.05516045131990986
loss after epoch 84 : 0.048408742873899395
loss after epoch 85 : 0.04800691719978086
loss after epoch 86 : 0.04792769493595246
loss after epoch 87 : 0.04780267515490132
loss after epoch 88 : 0.047388640142256216
loss after epoch 89 : 0.04667022151331748
loss after epoch 90 : 0.04615704282637565
loss after epoch 91 : 0.04606018527861564
loss after epoch 92 : 0.04623187934198687
loss after epoch 93 : 0.046059573850324075
loss after epoch 94 : 0.04605124265916886
loss after epoch 95 : 0.04604560136795044
loss after epoch 96 : 0.04594845925607989
loss after epoch 97 : 0.045964148736769156
loss after epoch 98 : 0.046056870491273945
loss after epoch 99 : 0.045840355657762094
2 validation =============================
initial loss: 19.52569761583882
loss after epoch 0 : 0.15759814170099073
loss after epoch 1 : 0.08108790843717513
loss after epoch 2 : 0.06747073319650465
loss after epoch 3 : 0.0640271709811303
loss after epoch 4 : 0.0630851887887524
loss after epoch 5 : 0.06286213667162004
loss after epoch 6 : 0.06279525064652966
loss after epoch 7 : 0.06278321435374598
loss after epoch 8 : 0.06278097245001024
loss after epoch 9 : 0.06277984957541188
loss after epoch 10 : 0.06277933236091368
loss after epoch 11 : 0.06278061866760254
loss after epoch 12 : 0.06278020335781959
loss after epoch 13 : 0.0627805071492349
loss after epoch 14 : 0.06277969767970423
loss after epoch 15 : 0.0627793631246013
loss after epoch 16 : 0.06277929775176509
loss after epoch 17 : 0.06277971498427852
loss after epoch 18 : 0.06277990725732618
loss after epoch 19 : 0.06278025334881197
loss after epoch 20 : 0.06277975343888806
loss after epoch 21 : 0.06277939965648036
loss after epoch 22 : 0.06277960538864136
loss after epoch 23 : 0.06278036294444915
loss after epoch 24 : 0.06277954578399658
loss after epoch 25 : 0.06278086669983403
loss after epoch 26 : 0.06277922661073747
loss after epoch 27 : 0.06277933620637463
loss after epoch 28 : 0.06278600615839805
loss after epoch 29 : 0.06278036871264057
loss after epoch 30 : 0.06277968614332137
loss after epoch 31 : 0.06277929390630414
loss after epoch 32 : 0.06277896319666217
loss after epoch 33 : 0.06277902472403742
loss after epoch 34 : 0.06277956308857087
loss after epoch 35 : 0.06277929775176509
loss after epoch 36 : 0.06279112062146587
loss after epoch 37 : 0.06278008414853004
loss after epoch 38 : 0.06277939004282798
loss after epoch 39 : 0.06277914393332697
loss after epoch 40 : 0.06277934389729653
loss after epoch 41 : 0.06277864594613353
loss after epoch 42 : 0.06277885552375548
loss after epoch 43 : 0.06278197996077998
loss after epoch 44 : 0.06277821717723724
loss after epoch 45 : 0.06277764612628568
loss after epoch 46 : 0.06278612344495711
loss after epoch 47 : 0.06277747500327326
loss after epoch 48 : 0.06279494108692292
loss after epoch 49 : 0.06278082824522449
loss after epoch 50 : 0.06277699816611505
loss after epoch 51 : 0.06282331097510553
loss after epoch 52 : 0.062799048039221
loss after epoch 53 : 0.06278275866662303
loss after epoch 54 : 0.0627756618684338
loss after epoch 55 : 0.06277977266619282
loss after epoch 56 : 0.0627752830905299
loss after epoch 57 : 0.06283358989223357
loss after epoch 58 : 0.0627785651914535
loss after epoch 59 : 0.06277193369403962
loss after epoch 60 : 0.06277425442972491
loss after epoch 61 : 0.06279189355911748
loss after epoch 62 : 0.06276946683083812
loss after epoch 63 : 0.06276679039001465
loss after epoch 64 : 0.06277100309248894
loss after epoch 65 : 0.06279511413266582
loss after epoch 66 : 0.06275662491398473
loss after epoch 67 : 0.06276621549360213
loss after epoch 68 : 0.06277999954838906
loss after epoch 69 : 0.06275749014269921
loss after epoch 70 : 0.06271875289178663
loss after epoch 71 : 0.06261374296680573
loss after epoch 72 : 0.062412100453530586
loss after epoch 73 : 0.06184249731802171
loss after epoch 74 : 0.05884797342361942
loss after epoch 75 : 0.05248180704732095
loss after epoch 76 : 0.04836637935330791
loss after epoch 77 : 0.04750725915355067
loss after epoch 78 : 0.04700412481061874
loss after epoch 79 : 0.046628152170488914
loss after epoch 80 : 0.0463894413363549
loss after epoch 81 : 0.04636205396344585
loss after epoch 82 : 0.04603064637030325
loss after epoch 83 : 0.04599143612769342
loss after epoch 84 : 0.04564899206161499
loss after epoch 85 : 0.04527317516265377
loss after epoch 86 : 0.044833733189490535
loss after epoch 87 : 0.04465958572203113
loss after epoch 88 : 0.044573533919549754
loss after epoch 89 : 0.04466057016003516
loss after epoch 90 : 0.044509114757660895
loss after epoch 91 : 0.044479229757862705
loss after epoch 92 : 0.04437510236617057
loss after epoch 93 : 0.044729103965144006
loss after epoch 94 : 0.0444261739330907
loss after epoch 95 : 0.04433909539253481
loss after epoch 96 : 0.044346934364688013
loss after epoch 97 : 0.04432907796675159
loss after epoch 98 : 0.0442555796715521
loss after epoch 99 : 0.04444524357395788
3 validation =============================
initial loss: 20.58826215805546
loss after epoch 0 : 0.1654569987327822
loss after epoch 1 : 0.07970842430668493
loss after epoch 2 : 0.06639542887287755
loss after epoch 3 : 0.06309594454303864
loss after epoch 4 : 0.06224454218341458
loss after epoch 5 : 0.062010893898625526
loss after epoch 6 : 0.06196758631737002
loss after epoch 7 : 0.06195371573971164
loss after epoch 8 : 0.06195193721402076
loss after epoch 9 : 0.061951921832176945
loss after epoch 10 : 0.06195197182316934
loss after epoch 11 : 0.061952196782635104
loss after epoch 12 : 0.06195216986440843
loss after epoch 13 : 0.06195231022373322
loss after epoch 14 : 0.061952348678342754
loss after epoch 15 : 0.06195297356574766
loss after epoch 16 : 0.061952102568841746
loss after epoch 17 : 0.06195219485990463
loss after epoch 18 : 0.061952321760116086
loss after epoch 19 : 0.0619535542303516
loss after epoch 20 : 0.061952406360257055
loss after epoch 21 : 0.06195212564160747
loss after epoch 22 : 0.06195290819291146
loss after epoch 23 : 0.06195224869635797
loss after epoch 24 : 0.061952548642312325
loss after epoch 25 : 0.06195259863330472
loss after epoch 26 : 0.06195229099642846
loss after epoch 27 : 0.06195545773352346
loss after epoch 28 : 0.06195460211846136
loss after epoch 29 : 0.06195346001655825
loss after epoch 30 : 0.06195253133773804
loss after epoch 31 : 0.06195196028678648
loss after epoch 32 : 0.06195533852423391
loss after epoch 33 : 0.061958172628956455
loss after epoch 34 : 0.061956855558579965
loss after epoch 35 : 0.06195867830707181
loss after epoch 36 : 0.06195471940502044
loss after epoch 37 : 0.0619520487323884
loss after epoch 38 : 0.06196403503417969
loss after epoch 39 : 0.06195336964822585
loss after epoch 40 : 0.06195779385105256
loss after epoch 41 : 0.06195623451663602
loss after epoch 42 : 0.06195344463471444
loss after epoch 43 : 0.0619526332424533
loss after epoch 44 : 0.06195707667258478
loss after epoch 45 : 0.06195221408720939
loss after epoch 46 : 0.06195437139080417
loss after epoch 47 : 0.061959312808129094
loss after epoch 48 : 0.061957013222479054
loss after epoch 49 : 0.06198257015597436
loss after epoch 50 : 0.06195409259488506
loss after epoch 51 : 0.06195115081725582
loss after epoch 52 : 0.061969530197881886
loss after epoch 53 : 0.06195193529129028
loss after epoch 54 : 0.06196001075929211
loss after epoch 55 : 0.061952112182494135
loss after epoch 56 : 0.0619587609844823
loss after epoch 57 : 0.061953125461455316
loss after epoch 58 : 0.061969876289367676
loss after epoch 59 : 0.06198815568800895
loss after epoch 60 : 0.06203226889333417
loss after epoch 61 : 0.061991837716871695
loss after epoch 62 : 0.061994708353473295
loss after epoch 63 : 0.061961766212217266
loss after epoch 64 : 0.061952206396287485
loss after epoch 65 : 0.061950087547302246
loss after epoch 66 : 0.06195279475181333
loss after epoch 67 : 0.06195893210749472
loss after epoch 68 : 0.062014610536636844
loss after epoch 69 : 0.06196265643642795
loss after epoch 70 : 0.061988547925026186
loss after epoch 71 : 0.06202323013736356
loss after epoch 72 : 0.06195074896658621
loss after epoch 73 : 0.06203755255668394
loss after epoch 74 : 0.061946816982761506
loss after epoch 75 : 0.06193973748914657
loss after epoch 76 : 0.061945665267206004
loss after epoch 77 : 0.06192878946181266
loss after epoch 78 : 0.061919512287262946
loss after epoch 79 : 0.06204726426832138
loss after epoch 80 : 0.061915059243479086
loss after epoch 81 : 0.06167362966845112
loss after epoch 82 : 0.05890206752284881
loss after epoch 83 : 0.04929984384967435
loss after epoch 84 : 0.04867931719749204
loss after epoch 85 : 0.047441590216852
loss after epoch 86 : 0.04704247943816647
loss after epoch 87 : 0.04692903257185413
loss after epoch 88 : 0.046756800143949444
loss after epoch 89 : 0.046600482156199795
loss after epoch 90 : 0.04613035725009057
loss after epoch 91 : 0.04595475427566036
loss after epoch 92 : 0.04549311822460544
loss after epoch 93 : 0.04548818257547194
loss after epoch 94 : 0.04534561211063016
loss after epoch 95 : 0.04509647238639093
loss after epoch 96 : 0.04497109690020161
loss after epoch 97 : 0.04495498634153797
loss after epoch 98 : 0.044884362528401035
loss after epoch 99 : 0.04479289247143653
4 validation =============================
initial loss: 20.622214717249715
loss after epoch 0 : 0.1703776967140936
loss after epoch 1 : 0.08140539161620601
loss after epoch 2 : 0.06777953717016405
loss after epoch 3 : 0.0642861993082108
loss after epoch 4 : 0.0634011568561677
loss after epoch 5 : 0.06317191162417012
loss after epoch 6 : 0.06311998251945741
loss after epoch 7 : 0.06310784239922801
loss after epoch 8 : 0.06310776741273942
loss after epoch 9 : 0.06310790392660326
loss after epoch 10 : 0.06310786354926325
loss after epoch 11 : 0.06310741747579267
loss after epoch 12 : 0.06310764051252796
loss after epoch 13 : 0.06310783663103657
loss after epoch 14 : 0.06310866917333295
loss after epoch 15 : 0.06311006699838946
loss after epoch 16 : 0.06310746169859363
loss after epoch 17 : 0.06310863071872343
loss after epoch 18 : 0.06310946710648076
loss after epoch 19 : 0.0631073155710774
loss after epoch 20 : 0.06310820964074904
loss after epoch 21 : 0.06310750015320317
loss after epoch 22 : 0.06310741363033172
loss after epoch 23 : 0.06310854804131293
loss after epoch 24 : 0.06311328564920733
loss after epoch 25 : 0.0631071675208307
loss after epoch 26 : 0.06310808658599854
loss after epoch 27 : 0.06310783278557562
loss after epoch 28 : 0.06310816926340904
loss after epoch 29 : 0.06310724058458882
loss after epoch 30 : 0.06311279150747484
loss after epoch 31 : 0.06310723866185834
loss after epoch 32 : 0.06310797122216993
loss after epoch 33 : 0.06311178976489652
loss after epoch 34 : 0.06310883837361489
loss after epoch 35 : 0.0631095709339265
loss after epoch 36 : 0.06310928829254643
loss after epoch 37 : 0.06311713111016058
loss after epoch 38 : 0.0631105246082429
loss after epoch 39 : 0.06312251091003418
loss after epoch 40 : 0.06311721763303203
loss after epoch 41 : 0.0631093652017655
loss after epoch 42 : 0.06310715598444785
loss after epoch 43 : 0.06311239542499665
loss after epoch 44 : 0.06311059190380958
loss after epoch 45 : 0.0631067983565792
loss after epoch 46 : 0.06311128600951164
loss after epoch 47 : 0.0631069214113297
loss after epoch 48 : 0.06311189359234225
loss after epoch 49 : 0.0631091094786121
loss after epoch 50 : 0.06311449312394665
loss after epoch 51 : 0.06310673490647346
loss after epoch 52 : 0.06312090927554716
loss after epoch 53 : 0.0631640322746769
loss after epoch 54 : 0.06310930944258167
loss after epoch 55 : 0.06310819233617475
loss after epoch 56 : 0.06310625037839336
loss after epoch 57 : 0.06310621769197526
loss after epoch 58 : 0.06311429892816851
loss after epoch 59 : 0.06311489305188579
loss after epoch 60 : 0.06311457772408763
loss after epoch 61 : 0.06310719443905738
loss after epoch 62 : 0.06314279571656257
loss after epoch 63 : 0.06311025734870665
loss after epoch 64 : 0.06310861918234056
loss after epoch 65 : 0.06310711176164689
loss after epoch 66 : 0.06311514877503918
loss after epoch 67 : 0.06310679643384871
loss after epoch 68 : 0.06311382209101031
loss after epoch 69 : 0.06314184973316808
loss after epoch 70 : 0.06311124178671068
loss after epoch 71 : 0.06314955988237934
loss after epoch 72 : 0.06311017467129615
loss after epoch 73 : 0.06311628510875086
loss after epoch 74 : 0.0631209304255824
loss after epoch 75 : 0.06311346446314166
loss after epoch 76 : 0.06311660428200999
loss after epoch 77 : 0.06310776549000893
loss after epoch 78 : 0.06310592735967328
loss after epoch 79 : 0.06310116475628268
loss after epoch 80 : 0.06326094173615979
loss after epoch 81 : 0.06312986343137679
loss after epoch 82 : 0.06310156468422182
loss after epoch 83 : 0.06309877672503071
loss after epoch 84 : 0.06320490375641853
loss after epoch 85 : 0.06310772318993846
loss after epoch 86 : 0.06328933085164716
loss after epoch 87 : 0.0630750963764806
loss after epoch 88 : 0.06281926362745223
loss after epoch 89 : 0.05874923736818375
loss after epoch 90 : 0.04816642692012171
loss after epoch 91 : 0.04655280805403186
loss after epoch 92 : 0.046649561774346135
loss after epoch 93 : 0.046264385023424705
loss after epoch 94 : 0.045994493269151254
loss after epoch 95 : 0.0456828321180036
loss after epoch 96 : 0.045203583855782783
loss after epoch 97 : 0.044966826515813026
loss after epoch 98 : 0.04477306719749204
loss after epoch 99 : 0.044652838860788656
average    traning loss: 0.03922158133599066
average validation loss: 0.039816026687622075
relative l2 loss = 0.34041257969692784
cumulative dist  = 2.9740302860736847
kl divergence & its square = 6.21142007565561 38.58173935625754
js divergence & its square = 0.5313074105161644 0.282287564469392
kl divergence & its square(batch) = 0.7764275094569499 0.6028396774415221
js divergence & its square(batch) = 0.06641342631452066 0.004410743194834265
distance between margin_pd and margin_th 0.19192803067770095
0 validation =============================
initial loss: 0.04258604395774103
loss after epoch 0 : 0.0425120226798519
loss after epoch 1 : 0.04249473541013656
loss after epoch 2 : 0.04228037018929758
loss after epoch 3 : 0.042236839571306785
loss after epoch 4 : 0.0419556325481784
loss after epoch 5 : 0.04165470215582078
loss after epoch 6 : 0.04154492385925785
loss after epoch 7 : 0.0414495256639296
loss after epoch 8 : 0.04148839173778411
loss after epoch 9 : 0.04137741173467328
loss after epoch 10 : 0.041336346057153514
loss after epoch 11 : 0.041331708431243896
loss after epoch 12 : 0.041399592353451635
loss after epoch 13 : 0.04140043643213088
loss after epoch 14 : 0.04125193049830775
loss after epoch 15 : 0.04136530814632293
loss after epoch 16 : 0.04129474778329172
loss after epoch 17 : 0.04125747565300234
loss after epoch 18 : 0.041286297382846955
loss after epoch 19 : 0.041212931756050356
loss after epoch 20 : 0.041276543371139035
loss after epoch 21 : 0.04117955507770661
loss after epoch 22 : 0.04126370337701613
loss after epoch 23 : 0.04093714106467462
loss after epoch 24 : 0.0409483871152324
loss after epoch 25 : 0.04086958592937839
loss after epoch 26 : 0.040826437934752435
loss after epoch 27 : 0.04082977579485986
loss after epoch 28 : 0.04092747165310767
loss after epoch 29 : 0.04093343596304617
loss after epoch 30 : 0.040826147602450465
loss after epoch 31 : 0.04079082512086438
loss after epoch 32 : 0.040799908099635955
loss after epoch 33 : 0.04106425662194529
loss after epoch 34 : 0.04076559120608914
loss after epoch 35 : 0.04174683363206925
loss after epoch 36 : 0.040797450850086826
loss after epoch 37 : 0.04084656315465127
loss after epoch 38 : 0.040826157216102846
loss after epoch 39 : 0.040815832153443365
loss after epoch 40 : 0.040788290962096185
loss after epoch 41 : 0.04120182029662594
loss after epoch 42 : 0.040875436798218756
loss after epoch 43 : 0.040906386990700996
loss after epoch 44 : 0.04071885731912429
loss after epoch 45 : 0.04093204967437252
loss after epoch 46 : 0.04068503264457949
loss after epoch 47 : 0.0406908969725332
loss after epoch 48 : 0.04073509093253843
loss after epoch 49 : 0.04077758712153281
loss after epoch 50 : 0.04074813089063091
loss after epoch 51 : 0.040760505583978465
loss after epoch 52 : 0.04070348893442462
loss after epoch 53 : 0.04079599918857697
loss after epoch 54 : 0.04068220046258742
loss after epoch 55 : 0.04080101174692954
loss after epoch 56 : 0.040659366115447015
loss after epoch 57 : 0.04062065578276111
loss after epoch 58 : 0.04064419577198644
loss after epoch 59 : 0.040725586875792474
loss after epoch 60 : 0.040631899910588416
loss after epoch 61 : 0.04067701870395291
loss after epoch 62 : 0.04115509410058298
loss after epoch 63 : 0.040650304286710674
loss after epoch 64 : 0.040625804854977514
loss after epoch 65 : 0.04096704913723853
loss after epoch 66 : 0.04093585283525528
loss after epoch 67 : 0.04061565860625236
loss after epoch 68 : 0.040598121381575064
loss after epoch 69 : 0.04116031046836607
loss after epoch 70 : 0.04059044199605142
loss after epoch 71 : 0.04071084337849771
loss after epoch 72 : 0.04032414382503879
loss after epoch 73 : 0.04048344204502721
loss after epoch 74 : 0.03587413987805767
loss after epoch 75 : 0.029184545240094586
loss after epoch 76 : 0.023573994636535645
loss after epoch 77 : 0.01893810110707437
loss after epoch 78 : 0.01985453213414838
loss after epoch 79 : 0.018089690516071934
loss after epoch 80 : 0.017302763077520555
loss after epoch 81 : 0.016729114517088858
loss after epoch 82 : 0.016398583689043598
loss after epoch 83 : 0.016639836372867707
loss after epoch 84 : 0.016555966869477304
loss after epoch 85 : 0.01625402896634994
loss after epoch 86 : 0.013592710418085898
loss after epoch 87 : 0.012474867605393933
loss after epoch 88 : 0.012136713151008852
loss after epoch 89 : 0.011592124739000875
loss after epoch 90 : 0.011980527831662086
loss after epoch 91 : 0.011250682415500764
loss after epoch 92 : 0.011535923327169111
loss after epoch 93 : 0.011093779917686217
loss after epoch 94 : 0.011425099065226893
loss after epoch 95 : 0.010926823462209394
loss after epoch 96 : 0.011478239490139869
loss after epoch 97 : 0.01104046836976082
loss after epoch 98 : 0.010827081818734445
loss after epoch 99 : 0.010730551135155463
1 validation =============================
initial loss: 0.010607634821245748
loss after epoch 0 : 0.011377699913517121
loss after epoch 1 : 0.010529064363048922
loss after epoch 2 : 0.012185290936500795
loss after epoch 3 : 0.010831694449147871
loss after epoch 4 : 0.010692761790367865
loss after epoch 5 : 0.011663092720893121
loss after epoch 6 : 0.01059899599321427
loss after epoch 7 : 0.01054012583148095
loss after epoch 8 : 0.01050012150118428
loss after epoch 9 : 0.010346362667699014
loss after epoch 10 : 0.01034899680845199
loss after epoch 11 : 0.011123063102845223
loss after epoch 12 : 0.010377795465530889
loss after epoch 13 : 0.010285042947338473
loss after epoch 14 : 0.010317350587537211
loss after epoch 15 : 0.010296160174954322
loss after epoch 16 : 0.01088651918595837
loss after epoch 17 : 0.010351438676157305
loss after epoch 18 : 0.010265323423570203
loss after epoch 19 : 0.01036092927378993
loss after epoch 20 : 0.010386611184766215
loss after epoch 21 : 0.010862312009257654
loss after epoch 22 : 0.010656122238405289
loss after epoch 23 : 0.010745700328580795
loss after epoch 24 : 0.01030824069053896
loss after epoch 25 : 0.010328164023737754
loss after epoch 26 : 0.01048170558867916
loss after epoch 27 : 0.01016699690972605
loss after epoch 28 : 0.01014242825969573
loss after epoch 29 : 0.010246278778199227
loss after epoch 30 : 0.010439443972802932
loss after epoch 31 : 0.010163645590505293
loss after epoch 32 : 0.011437925600236463
loss after epoch 33 : 0.010217232088888846
loss after epoch 34 : 0.010228524284978066
loss after epoch 35 : 0.010221775501005111
loss after epoch 36 : 0.010467271650991133
loss after epoch 37 : 0.010444706486117455
loss after epoch 38 : 0.010155879682110201
loss after epoch 39 : 0.010115148559693367
loss after epoch 40 : 0.010330032917761033
loss after epoch 41 : 0.011106010406248031
loss after epoch 42 : 0.010271704966022123
loss after epoch 43 : 0.010114379467502717
loss after epoch 44 : 0.010353015315148139
loss after epoch 45 : 0.01079861387129753
loss after epoch 46 : 0.010282418420237879
loss after epoch 47 : 0.010441906990543488
loss after epoch 48 : 0.010278924818961852
loss after epoch 49 : 0.010124571861759309
loss after epoch 50 : 0.0102923204821925
loss after epoch 51 : 0.010136740822945871
loss after epoch 52 : 0.010211065892250307
loss after epoch 53 : 0.010982894128368746
loss after epoch 54 : 0.010341684664449385
loss after epoch 55 : 0.010847368547993322
loss after epoch 56 : 0.010091716243374732
loss after epoch 57 : 0.0102456558135248
loss after epoch 58 : 0.010190696485580937
loss after epoch 59 : 0.01011446406764369
loss after epoch 60 : 0.010143239651956865
loss after epoch 61 : 0.010226303531277564
loss after epoch 62 : 0.01010958610042449
loss after epoch 63 : 0.010187550898521178
loss after epoch 64 : 0.011376267479312035
loss after epoch 65 : 0.010469225145155383
loss after epoch 66 : 0.011092641661244055
loss after epoch 67 : 0.010082187191132576
loss after epoch 68 : 0.010117426995308168
loss after epoch 69 : 0.010379256740693123
loss after epoch 70 : 0.010371363932086576
loss after epoch 71 : 0.010253794731632355
loss after epoch 72 : 0.010198606598761773
loss after epoch 73 : 0.010579399524196502
loss after epoch 74 : 0.01005067556135116
loss after epoch 75 : 0.010104933092671057
loss after epoch 76 : 0.01010846322582614
loss after epoch 77 : 0.010343859272618447
loss after epoch 78 : 0.010043586454083842
loss after epoch 79 : 0.010013714913398988
loss after epoch 80 : 0.010140953525420158
loss after epoch 81 : 0.010163143757850893
loss after epoch 82 : 0.010076982359732351
loss after epoch 83 : 0.01020903548886699
loss after epoch 84 : 0.010004801134909353
loss after epoch 85 : 0.010127888571831488
loss after epoch 86 : 0.009971236028978902
loss after epoch 87 : 0.00848797828920426
loss after epoch 88 : 0.008240576713315902
loss after epoch 89 : 0.007807743164800828
loss after epoch 90 : 0.007847476390100295
loss after epoch 91 : 0.007697122712289134
loss after epoch 92 : 0.00758859803599696
loss after epoch 93 : 0.008217819275394563
loss after epoch 94 : 0.007768500235772902
loss after epoch 95 : 0.007441884086978051
loss after epoch 96 : 0.007410762771483391
loss after epoch 97 : 0.0073973574946003574
loss after epoch 98 : 0.008246498723183908
loss after epoch 99 : 0.007757959827300041
2 validation =============================
initial loss: 0.007965220559027887
loss after epoch 0 : 0.0074565660568975635
loss after epoch 1 : 0.007673034744877969
loss after epoch 2 : 0.007596437008150162
loss after epoch 3 : 0.007399620548371346
loss after epoch 4 : 0.007700108712719333
loss after epoch 5 : 0.007345884077010616
loss after epoch 6 : 0.008573116794709236
loss after epoch 7 : 0.00733684532104
loss after epoch 8 : 0.008266937348150438
loss after epoch 9 : 0.007428115414034936
loss after epoch 10 : 0.007381969882595924
loss after epoch 11 : 0.007511946462815808
loss after epoch 12 : 0.007492061584226547
loss after epoch 13 : 0.00740721917921497
loss after epoch 14 : 0.007695744114537393
loss after epoch 15 : 0.00757628487002465
loss after epoch 16 : 0.0073741578286693945
loss after epoch 17 : 0.007235175178896996
loss after epoch 18 : 0.007703008190278084
loss after epoch 19 : 0.007824947757105674
loss after epoch 20 : 0.007365011399792087
loss after epoch 21 : 0.007208604966440509
loss after epoch 22 : 0.0073576031192656485
loss after epoch 23 : 0.00850422728446222
loss after epoch 24 : 0.00730428195768787
loss after epoch 25 : 0.007247384517423568
loss after epoch 26 : 0.007315556849202802
loss after epoch 27 : 0.007455835419316445
loss after epoch 28 : 0.007409174596109698
loss after epoch 29 : 0.007327066313835883
loss after epoch 30 : 0.0077390113184528965
loss after epoch 31 : 0.007826466714182207
loss after epoch 32 : 0.007327381641634049
loss after epoch 33 : 0.007265583161384829
loss after epoch 34 : 0.0073294678042011875
loss after epoch 35 : 0.007384104113424978
loss after epoch 36 : 0.007479988759563815
loss after epoch 37 : 0.0073601603507995605
loss after epoch 38 : 0.008062768367029006
loss after epoch 39 : 0.007255313857909172
loss after epoch 40 : 0.007309390652564264
loss after epoch 41 : 0.007368826097057712
loss after epoch 42 : 0.007313234190787038
loss after epoch 43 : 0.007355809211730957
loss after epoch 44 : 0.008621360025098246
loss after epoch 45 : 0.007277707899770429
loss after epoch 46 : 0.007285966027167535
loss after epoch 47 : 0.007204065399785195
loss after epoch 48 : 0.008163015688619307
loss after epoch 49 : 0.007258124889865998
loss after epoch 50 : 0.007526078531819005
loss after epoch 51 : 0.0071935096094685215
loss after epoch 52 : 0.007319561896785613
loss after epoch 53 : 0.007321276972370763
loss after epoch 54 : 0.007286623600990542
loss after epoch 55 : 0.007282720458122992
loss after epoch 56 : 0.00717102712200534
loss after epoch 57 : 0.007411651072963592
loss after epoch 58 : 0.0076001844098491055
loss after epoch 59 : 0.007456794861824282
loss after epoch 60 : 0.007233504326112809
loss after epoch 61 : 0.007222942767604705
loss after epoch 62 : 0.0072005910258139336
loss after epoch 63 : 0.007269753563788629
loss after epoch 64 : 0.007609748071239841
loss after epoch 65 : 0.00740193743859568
loss after epoch 66 : 0.0073943041986034765
loss after epoch 67 : 0.0072169669212833526
loss after epoch 68 : 0.007158904306350216
loss after epoch 69 : 0.007213215674123456
loss after epoch 70 : 0.007257574988949684
loss after epoch 71 : 0.007379466487515357
loss after epoch 72 : 0.007268011569976807
loss after epoch 73 : 0.007379258832623882
loss after epoch 74 : 0.007587827021075833
loss after epoch 75 : 0.007222431321297923
loss after epoch 76 : 0.0071691063142591905
loss after epoch 77 : 0.0073063604293331025
loss after epoch 78 : 0.007202221501258111
loss after epoch 79 : 0.007860829753260459
loss after epoch 80 : 0.007494916838984336
loss after epoch 81 : 0.007145104869719475
loss after epoch 82 : 0.007488006545651344
loss after epoch 83 : 0.007499890942727366
loss after epoch 84 : 0.008074923869102232
loss after epoch 85 : 0.007161426928735549
loss after epoch 86 : 0.007460988336993802
loss after epoch 87 : 0.007345972522612541
loss after epoch 88 : 0.0083755370109312
loss after epoch 89 : 0.007170694489632884
loss after epoch 90 : 0.00716568193128032
loss after epoch 91 : 0.007806677972116778
loss after epoch 92 : 0.0071634034956655195
loss after epoch 93 : 0.007317350756737494
loss after epoch 94 : 0.007313968673829109
loss after epoch 95 : 0.007267715469483406
loss after epoch 96 : 0.007530183561386601
loss after epoch 97 : 0.007652736479236233
loss after epoch 98 : 0.007207491705494542
loss after epoch 99 : 0.007133566564129245
